100307
100408
101309
101915
103414
105014
108828
110411
113922
117122
118528
118730
118932
120111
122620
123117
123925
124422
125525
126325
127630
127933
128127
129028
130013
130316
131722
133019
133928
135225
136833
138534
139637
140925
144832
146432
147737
148840
149337
149741
151223
151526
154734
156637
159340
162733
163129
176542
178950
188347
189450
190031
192540
196750
198451
199655
201111
208226
211720
212318
214423
221319
239944
245333
280739
298051
366446
397760
414229
499566
751348
756055
792564
857263
899885
101107
103111
103818
105115
106016
111312
111716
113619
114419
115320
116524
122317
128632
131217
135932
148335
149539
151627
153025
160123
161731
211417
654754
672756
856766
